# arc  E1  E2
0.000000  -3.00000000  3.00000000
0.035200  -2.99969025  2.99969025
0.070400  -2.99876109  2.99876109
0.105600  -2.99721282  2.99721282
0.140800  -2.99504591  2.99504591
0.176000  -2.99226103  2.99226103
0.211200  -2.98885905  2.98885905
0.246399  -2.98484102  2.98484102
0.281599  -2.98020818  2.98020818
0.316799  -2.97496197  2.97496197
0.351999  -2.96910402  2.96910402
0.387199  -2.96263614  2.96263614
0.422399  -2.95556032  2.95556032
0.457599  -2.94787878  2.94787878
0.492799  -2.93959387  2.93959387
0.527999  -2.93070818  2.93070818
0.563199  -2.92122444  2.92122444
0.598399  -2.91114561  2.91114561
0.633599  -2.90047480  2.90047480
0.668798  -2.88921532  2.88921532
0.703998  -2.87737065  2.87737065
0.739198  -2.86494446  2.86494446
0.774398  -2.85194060  2.85194060
0.809598  -2.83836311  2.83836311
0.844798  -2.82421618  2.82421618
0.879998  -2.80950420  2.80950420
0.915198  -2.79423173  2.79423173
0.950398  -2.77840349  2.77840349
0.985598  -2.76202439  2.76202439
1.020798  -2.74509950  2.74509950
1.055998  -2.72763407  2.72763407
1.091197  -2.70963350  2.70963350
1.126397  -2.69110337  2.69110337
1.161597  -2.67204942  2.67204942
1.196797  -2.65247755  2.65247755
1.231997  -2.63239382  2.63239382
1.267197  -2.61180447  2.61180447
1.302397  -2.59071585  2.59071585
1.337597  -2.56913451  2.56913451
1.372797  -2.54706713  2.54706713
1.407997  -2.52452054  2.52452054
1.443197  -2.50150173  2.50150173
1.478397  -2.47801783  2.47801783
1.513596  -2.45407612  2.45407612
1.548796  -2.42968400  2.42968400
1.583996  -2.40484904  2.40484904
1.619196  -2.37957893  2.37957893
1.654396  -2.35388149  2.35388149
1.689596  -2.32776468  2.32776468
1.724796  -2.30123660  2.30123660
1.759996  -2.27430546  2.27430546
1.795196  -2.24697960  2.24697960
1.830396  -2.21926749  2.21926749
1.865596  -2.19117772  2.19117772
1.900796  -2.16271897  2.16271897
1.935995  -2.13390007  2.13390007
1.971195  -2.10472995  2.10472995
2.006395  -2.07521763  2.07521763
2.041595  -2.04537226  2.04537226
2.076795  -2.01520310  2.01520310
2.111995  -1.98471947  1.98471947
2.147195  -1.95393082  1.95393082
2.182395  -1.92284669  1.92284669
2.217595  -1.89147671  1.89147671
2.252795  -1.85983060  1.85983060
2.287995  -1.82791815  1.82791815
2.323195  -1.79574925  1.79574925
2.358394  -1.76333387  1.76333387
2.393594  -1.73068205  1.73068205
2.428794  -1.69780390  1.69780390
2.463994  -1.66470960  1.66470960
2.499194  -1.63140941  1.63140941
2.534394  -1.59791364  1.59791364
2.569594  -1.56423266  1.56423266
2.604794  -1.53037691  1.53037691
2.639994  -1.49635688  1.49635688
2.675194  -1.46218311  1.46218311
2.710394  -1.42786617  1.42786617
2.745594  -1.39341670  1.39341670
2.780793  -1.35884536  1.35884536
2.815993  -1.32416288  1.32416288
2.851193  -1.28937998  1.28937998
2.886393  -1.25450745  1.25450745
2.921593  -1.21955609  1.21955609
2.956793  -1.18453672  1.18453672
2.991993  -1.14946019  1.14946019
3.027193  -1.11433736  1.11433736
3.062393  -1.07917912  1.07917912
3.097593  -1.04399635  1.04399635
3.132793  -1.00879995  1.00879995
3.167993  -0.97360083  0.97360083
3.203193  -0.93840988  0.93840988
3.238392  -0.90323801  0.90323801
3.273592  -0.86809612  0.86809612
3.308792  -0.83299508  0.83299508
3.343992  -0.79794577  0.79794577
3.379192  -0.76295905  0.76295905
3.414392  -0.72804575  0.72804575
3.449592  -0.69321669  0.69321669
3.484792  -0.65848266  0.65848266
3.519992  -0.62385441  0.62385441
3.555192  -0.58934267  0.58934267
3.590392  -0.55495813  0.55495813
3.625592  -0.52071145  0.52071145
3.660791  -0.48661322  0.48661322
3.695991  -0.45267402  0.45267402
3.731191  -0.41890435  0.41890435
3.766391  -0.38531468  0.38531468
3.801591  -0.35191540  0.35191540
3.836791  -0.31871687  0.31871687
3.871991  -0.28572937  0.28572937
3.907191  -0.25296311  0.25296311
3.942391  -0.22042825  0.22042825
3.977591  -0.18813486  0.18813486
4.012791  -0.15609295  0.15609295
4.047991  -0.12431244  0.12431244
4.083190  -0.09280317  0.09280317
4.118390  -0.06157491  0.06157491
4.153590  -0.03063732  0.03063732
4.188790  -0.00000000  0.00000000
4.206390  -0.01520309  0.01520309
4.223990  -0.03032756  0.03032756
4.241590  -0.04537225  0.04537225
4.259190  -0.06033598  0.06033598
4.276790  -0.07521760  0.07521760
4.294390  -0.09001596  0.09001596
4.311990  -0.10472991  0.10472991
4.329590  -0.11935831  0.11935831
4.347190  -0.13390003  0.13390003
4.364790  -0.14835393  0.14835393
4.382390  -0.16271891  0.16271891
4.399990  -0.17699386  0.17699386
4.417590  -0.19117765  0.19117765
4.435190  -0.20526920  0.20526920
4.452790  -0.21926742  0.21926742
4.470390  -0.23317122  0.23317122
4.487990  -0.24697952  0.24697952
4.505589  -0.26069126  0.26069126
4.523189  -0.27430537  0.27430537
4.540789  -0.28782080  0.28782080
4.558389  -0.30123650  0.30123650
4.575989  -0.31455144  0.31455144
4.593589  -0.32776458  0.32776458
4.611189  -0.34087489  0.34087489
4.628789  -0.35388137  0.35388137
4.646389  -0.36678301  0.36678301
4.663989  -0.37957881  0.37957881
4.681589  -0.39226777  0.39226777
4.699189  -0.40484891  0.40484891
4.716789  -0.41732127  0.41732127
4.734389  -0.42968387  0.42968387
4.751989  -0.44193576  0.44193576
4.769589  -0.45407598  0.45407598
4.787189  -0.46610360  0.46610360
4.804789  -0.47801769  0.47801769
4.822389  -0.48981732  0.48981732
4.839989  -0.50150158  0.50150158
4.857589  -0.51306957  0.51306957
4.875189  -0.52452039  0.52452039
4.892789  -0.53585314  0.53585314
4.910389  -0.54706697  0.54706697
4.927988  -0.55816099  0.55816099
4.945588  -0.56913434  0.56913434
4.963188  -0.57998619  0.57998619
4.980788  -0.59071568  0.59071568
4.998388  -0.60132199  0.60132199
5.015988  -0.61180429  0.61180429
5.033588  -0.62216178  0.62216178
5.051188  -0.63239365  0.63239365
5.068788  -0.64249911  0.64249911
5.086388  -0.65247737  0.65247737
5.103988  -0.66232767  0.66232767
5.121588  -0.67204924  0.67204924
5.139188  -0.68164132  0.68164132
5.156788  -0.69110319  0.69110319
5.174388  -0.70043409  0.70043409
5.191988  -0.70963331  0.70963331
5.209588  -0.71870015  0.71870015
5.227188  -0.72763388  0.72763388
5.244788  -0.73643383  0.73643383
5.262388  -0.74509932  0.74509932
5.279988  -0.75362966  0.75362966
5.297588  -0.76202421  0.76202421
5.315188  -0.77028230  0.77028230
5.332788  -0.77840331  0.77840331
5.350387  -0.78638659  0.78638659
5.367987  -0.79423155  0.79423155
5.385587  -0.80193755  0.80193755
5.403187  -0.80950402  0.80950402
5.420787  -0.81693036  0.81693036
5.438387  -0.82421600  0.82421600
5.455987  -0.83136038  0.83136038
5.473587  -0.83836293  0.83836293
5.491187  -0.84522313  0.84522313
5.508787  -0.85194043  0.85194043
5.526387  -0.85851432  0.85851432
5.543987  -0.86494429  0.86494429
5.561587  -0.87122984  0.87122984
5.579187  -0.87737048  0.87737048
5.596787  -0.88336574  0.88336574
5.614387  -0.88921515  0.88921515
5.631987  -0.89491827  0.89491827
5.649587  -0.90047464  0.90047464
5.667187  -0.90588384  0.90588384
5.684787  -0.91114546  0.91114546
5.702387  -0.91625907  0.91625907
5.719987  -0.92122430  0.92122430
5.737587  -0.92604074  0.92604074
5.755187  -0.93070803  0.93070803
5.772787  -0.93522582  0.93522582
5.790386  -0.93959374  0.93959374
5.807986  -0.94381145  0.94381145
5.825586  -0.94787865  0.94787865
5.843186  -0.95179500  0.95179500
5.860786  -0.95556020  0.95556020
5.878386  -0.95917397  0.95917397
5.895986  -0.96263602  0.96263602
5.913586  -0.96594609  0.96594609
5.931186  -0.96910391  0.96910391
5.948786  -0.97210925  0.97210925
5.966386  -0.97496188  0.97496188
5.983986  -0.97766156  0.97766156
6.001586  -0.98020809  0.98020809
6.019186  -0.98260128  0.98260128
6.036786  -0.98484094  0.98484094
6.054386  -0.98692689  0.98692689
6.071986  -0.98885898  0.98885898
6.089586  -0.99063705  0.99063705
6.107186  -0.99226097  0.99226097
6.124786  -0.99373061  0.99373061
6.142386  -0.99504586  0.99504586
6.159986  -0.99620662  0.99620662
6.177586  -0.99721278  0.99721278
6.195186  -0.99806429  0.99806429
6.212785  -0.99876107  0.99876107
6.230385  -0.99930306  0.99930306
6.247985  -0.99969024  0.99969024
6.265585  -0.99992255  0.99992255
6.283185  -1.00000000  1.00000000
6.313669  -1.00069669  1.00069669
6.344153  -1.00278334  1.00278334
6.374637  -1.00624986  1.00624986
6.405121  -1.01107964  1.01107964
6.435605  -1.01724995  1.01724995
6.466089  -1.02473229  1.02473229
6.496573  -1.03349304  1.03349304
6.527057  -1.04349396  1.04349396
6.557542  -1.05469291  1.05469291
6.588026  -1.06704451  1.06704451
6.618510  -1.08050078  1.08050078
6.648994  -1.09501179  1.09501179
6.679478  -1.11052629  1.11052629
6.709962  -1.12699226  1.12699226
6.740446  -1.14435741  1.14435741
6.770930  -1.16256963  1.16256963
6.801414  -1.18157737  1.18157737
6.831898  -1.20132993  1.20132993
6.862382  -1.22177776  1.22177776
6.892866  -1.24287267  1.24287267
6.923350  -1.26456795  1.26456795
6.953834  -1.28681849  1.28681849
6.984318  -1.30958089  1.30958089
7.014802  -1.33281348  1.33281348
7.045286  -1.35647632  1.35647632
7.075770  -1.38053123  1.38053123
7.106254  -1.40494174  1.40494174
7.136738  -1.42967307  1.42967307
7.167222  -1.45469206  1.45469206
7.197706  -1.47996713  1.47996713
7.228190  -1.50546821  1.50546821
7.258674  -1.53116669  1.53116669
7.289158  -1.55703533  1.55703533
7.319642  -1.58304820  1.58304820
7.350126  -1.60918062  1.60918062
7.380610  -1.63540909  1.63540909
7.411094  -1.66171121  1.66171121
7.441578  -1.68806563  1.68806563
7.472062  -1.71445201  1.71445201
7.502546  -1.74085092  1.74085092
7.533030  -1.76724381  1.76724381
7.563514  -1.79361295  1.79361295
7.593998  -1.81994141  1.81994141
7.624482  -1.84621297  1.84621297
7.654966  -1.87241210  1.87241210
7.685450  -1.89852391  1.89852391
7.715934  -1.92453414  1.92453414
7.746418  -1.95042907  1.95042907
7.776902  -1.97619555  1.97619555
7.807386  -2.00182093  2.00182093
7.837870  -2.02729304  2.02729304
7.868354  -2.05260016  2.05260016
7.898839  -2.07773100  2.07773100
7.929323  -2.10267468  2.10267468
7.959807  -2.12742071  2.12742071
7.990291  -2.15195895  2.15195895
8.020775  -2.17627962  2.17627962
8.051259  -2.20037327  2.20037327
8.081743  -2.22423074  2.22423074
8.112227  -2.24784320  2.24784320
8.142711  -2.27120209  2.27120209
8.173195  -2.29429912  2.29429912
8.203679  -2.31712626  2.31712626
8.234163  -2.33967574  2.33967574
8.264647  -2.36194001  2.36194001
8.295131  -2.38391177  2.38391177
8.325615  -2.40558392  2.40558392
8.356099  -2.42694960  2.42694960
8.386583  -2.44800212  2.44800212
8.417067  -2.46873501  2.46873501
8.447551  -2.48914199  2.48914199
8.478035  -2.50921696  2.50921696
8.508519  -2.52895400  2.52895400
8.539003  -2.54834736  2.54834736
8.569487  -2.56739148  2.56739148
8.599971  -2.58608093  2.58608093
8.630455  -2.60441047  2.60441047
8.660939  -2.62237500  2.62237500
8.691423  -2.63996958  2.63996958
8.721907  -2.65718941  2.65718941
8.752391  -2.67402985  2.67402985
8.782875  -2.69048640  2.69048640
8.813359  -2.70655469  2.70655469
8.843843  -2.72223050  2.72223050
8.874327  -2.73750973  2.73750973
8.904811  -2.75238844  2.75238844
8.935295  -2.76686278  2.76686278
8.965779  -2.78092908  2.78092908
8.996263  -2.79458375  2.79458375
9.026747  -2.80782336  2.80782336
9.057231  -2.82064459  2.82064459
9.087715  -2.83304424  2.83304424
9.118199  -2.84501924  2.84501924
9.148683  -2.85656663  2.85656663
9.179167  -2.86768358  2.86768358
9.209652  -2.87836737  2.87836737
9.240136  -2.88861541  2.88861541
9.270620  -2.89842521  2.89842521
9.301104  -2.90779440  2.90779440
9.331588  -2.91672073  2.91672073
9.362072  -2.92520206  2.92520206
9.392556  -2.93323636  2.93323636
9.423040  -2.94082173  2.94082173
9.453524  -2.94795636  2.94795636
9.484008  -2.95463855  2.95463855
9.514492  -2.96086674  2.96086674
9.544976  -2.96663945  2.96663945
9.575460  -2.97195533  2.97195533
9.605944  -2.97681313  2.97681313
9.636428  -2.98121170  2.98121170
9.666912  -2.98515002  2.98515002
9.697396  -2.98862718  2.98862718
9.727880  -2.99164235  2.99164235
9.758364  -2.99419484  2.99419484
9.788848  -2.99628405  2.99628405
9.819332  -2.99790949  2.99790949
9.849816  -2.99907080  2.99907080
9.880300  -2.99976769  2.99976769
9.910784  -3.00000000  3.00000000
